题目：
Q1 如果要形容你最喜欢的冰演氛围，你会选？（核心题，$w = 1.5$）
A. 华丽、梦幻，像坠入一场不真实的梦 [60, 30, 70, 40, 50, 50, 95, 40]
B. 情绪浓烈，像一部有完整故事的电影 [95, 60, 40, 50, 60, 95, 40, 70]
C. 热烈、整活，一上冰就想把全场点燃 [60, 80, 85, 95, 73, 30, 20, 35]
D. 安静、克制，有一种只有自己才能读懂的情绪 [85, 30, 30, 25, 40, 70, 60, 30]

Q2 熬夜看比赛的时候，你一般会：（普通题，$w = 1.0$）
A. 看完喜欢的选手就睡 [50, 50, 60, 40, 70, 30, 40, 30]
B. 撑到看完全部选手，看到比赛结果才放心睡 [70, 75, 50, 60, 60, 70, 30, 80]
C. 不熬夜，第二天起床直接看比赛结果 [40, 40, 70, 30, 80, 40, 50, 40]

Q3 下面哪句话最戳你？（核心题，$w = 1.5$）
A. “哪怕已经跌到谷底，也总有重新站起来的时候。” [85, 90, 50, 75, 80, 85, 30, 75]
B. “有些故事没有圆满结局，却还是会让人念念不忘。” [95, 40, 30, 35, 40, 95, 50, 60]
C. “我不想成为谁期待的样子，我只想做真正的自己。” [80, 65, 60, 60, 85, 75, 65, 35]
D. “有些相遇、有些命运，好像从一开始就已经写好了。” [75, 60, 35, 50, 50, 90, 70, 85]

Q4 你看花滑时，对“技术和艺术”的态度更接近？（核心题，$w = 1.5$）
A. 技术当然重要，但真正让我记住的是情绪有没有传达出来 [95, 40, 50, 45, 50, 85, 60, 50]
B. 我就喜欢那种高难度扑面而来的爽感，技术越炸越上头 [45, 95, 70, 90, 85, 30, 20, 65]
C. 难度不一定要最高，但整套节目一定要流畅、漂亮、浑然一体 [70, 40, 80, 50, 60, 60, 85, 40]
D. 最理想的是两者都在线：既有技术，又有非常强的表现力 [80, 85, 50, 75, 90, 80, 40, 85]

Q5 你最能get到花滑节目的服装（考斯滕）的哪种风格？（普通题，$w = 1.0$）
A. 华丽闪耀，细节很多，灯光下特别漂亮 [60, 50, 85, 60, 70, 50, 85, 60]
B. 简洁利落，但一眼就有角色感和气场 [60, 85, 60, 75, 90, 65, 25, 65]
C. 带一点故事感，像节目本身的一部分 [85, 50, 45, 45, 50, 95, 55, 70]
D. 舒展轻盈，不抢动作，但越看越觉得有味道 [80, 35, 75, 35, 55, 65, 80, 30]

Q6 在生活或学习中遇到突如其来的重大挫折时，你的真实反应往往是？（普通题，$w = 1.0$）
A. 先懵一下，但很快开始想接下来还能怎么补救 [50, 75, 65, 70, 75, 50, 30, 50]
B. 很不甘心，越想越觉得“我不能就这么算了” [85, 90, 45, 85, 85, 70, 20, 70]
C. 暂时离开这个混乱的场景，给自己一点空间慢慢消化 [85, 30, 40, 25, 40, 65, 75, 30]
D. 表面看起来没什么，实际上会憋着一股劲，之后再一次性处理 [75, 80, 25, 55, 60, 80, 30, 75]

Q7 如果有人误解你的时候，你一般：（普通题，$w = 1.0$）
A. 只要不影响实际，我懒得解释，时间会证明一切 [45, 70, 50, 35, 85, 40, 30, 55]
B. 我还是会解释一下，我不希望别人一直误会我 [65, 60, 75, 65, 65, 55, 40, 35]
C. 当下可能有点难过，但比起解释，我更在意对方能不能真正理解我 [95, 35, 40, 30, 45, 90, 70, 25]
D. 表面没什么，心里其实会记很久 [85, 50, 25, 40, 50, 75, 40, 60]

Q8 看比赛时，喜欢的选手准备出场，你通常属于：（普通题，$w = 1.0$）
A. “来吧！狠狠干一场！” [60, 90, 80, 95, 95, 35, 20, 50]
B. “别紧张，稳住就行……” [70, 55, 60, 40, 60, 50, 40, 40]
C. “我已经开始脑补节目结束后的场景了。” [80, 35, 65, 50, 50, 85, 80, 50]
D. “我什么都不敢说，我怕毒奶到选手。” [85, 40, 30, 30, 35, 60, 50, 65]

Q9 如果突然拥有一个完全没有安排的周末，你最想怎么过？（普通题，$w = 1.0$）
A. 约朋友出门，去哪都行，热闹最重要 [50, 65, 90, 90, 80, 30, 30, 25]
B. 找个舒服的地方，一个人慢慢待着 [75, 25, 50, 20, 50, 50, 80, 20]
C. 临时起意去一个没去过的地方 [60, 70, 75, 80, 75, 60, 60, 40]
D. 在家把喜欢的电影、音乐、剧一次性补完 [85, 30, 45, 30, 40, 95, 75, 60]

Q10 全世界滑冰水平下降100倍而你提升100倍，你最想做的第一件事是？（普通题，$w = 1.0$）
A. 立刻报名冬奥，拿下属于我的金牌走向巅峰 [50, 85, 75, 80, 95, 40, 20, 85]
B. 我要把能尝试的跳跃、旋转、步法全试一遍，爽完再说 [50, 90, 85, 95, 85, 25, 25, 35]
C. 先开一场自己的冰演，不用顾忌分数和失误，滑得酣畅淋漓就行 [80, 60, 80, 75, 75, 60, 70, 40]
D. 终于没人卷技术了，我要认真研究一下怎么把节目滑得最好看 [85, 35, 60, 40, 60, 85, 85, 50]

Q11 喜欢的选手在重要的比赛留下了遗憾，你会很久走不出来（普通题，$w = 1.0$）
A. 非常符合 [95, 50, 20, 40, 35, 90, 30, 65]
B. 比较符合 [75, 55, 40, 50, 50, 70, 40, 50]
C. 比较不符合 [55, 65, 65, 65, 70, 45, 50, 40]
D. 非常不符合 [35, 80, 85, 80, 85, 30, 50, 30]

Q12 如果喜欢的选手突然换了一首完全不同风格的节目，你第一反应是？（普通题，$w = 1.0$）
A. 好耶！换风格最有意思了，我已经开始期待Ta会怎么诠释 [60, 75, 85, 85, 85, 50, 60, 40]
B. 有点舍不得原来的，但只要滑得好我最后还是会接受 [70, 55, 60, 50, 60, 65, 50, 45]
C. 先别急着评价，我想看看完整节目再说 [50, 60, 50, 40, 70, 60, 40, 50]
D. 等等……完全不同风格？我需要一点时间做好心理准备 [80, 35, 30, 25, 35, 75, 40, 50]

Q13 手机电量只剩 5%，而你还要在外面待三个小时，你会：（普通题，$w = 1.0$）
A. 开省电模式，能不用就不用，规划着撑到回家 [50, 60, 45, 30, 65, 60, 30, 60]
B. 管它呢，先把最想做的事情做完，没电再说 [60, 85, 80, 90, 85, 30, 40, 30]
C. 第一时间找充电宝/充电的地方，先把这个问题解决掉 [40, 80, 65, 75, 80, 40, 20, 30]
D. 开始计算：5%到底还能撑多久……然后越算越焦虑 [85, 30, 25, 45, 30, 70, 40, 45]

Q14 你去电影院看电影，最怕遇到哪一种情况？（普通题，$w = 1.0$）
A. 旁边的人一直剧透，完全破坏了故事的悬念感 [70, 50, 40, 40, 50, 95, 50, 60]
B. 画面和音乐都很顶，但旁边一直有人讲话 [80, 40, 50, 35, 50, 70, 90, 50]
C. 前面的人一直挡屏幕，最精彩的地方偏偏看不清 [60, 75, 60, 70, 60, 50, 40, 60]
D. 演到最关键的地方突然卡顿、黑屏 [75, 80, 30, 60, 50, 75, 30, 80]

Q15 如果你最喜欢的一套节目只能保留一个版本，你会选：（核心题，$w = 1.5$）
A. 零失误的完美封神之战，气场全开毫无破绽 [60, 90, 75, 80, 95, 50, 30, 85]
B. 即使有瑕疵，但情感爆发到极致的那一场 [98, 60, 35, 60, 50, 95, 50, 60]
C. 顶着巨大压力，绝地反击力挽狂澜的燃向之战 [85, 95, 50, 85, 85, 85, 20, 90]
D. 最自由、最不像在比赛、完全沉浸在音乐里的那一次 [80, 35, 85, 45, 65, 60, 95, 30]

Q16 休赛季没有比赛，你一般会：（末尾题，$w = 1.2$）
A. 考古选手的比赛或日常 [80, 40, 60, 40, 50, 85, 60, 50]
B. 持续跟踪选手训练、准备新节目的进度 [60, 75, 65, 70, 75, 60, 40, 60]
C. 专注自己的生活 [40, 50, 80, 40, 85, 30, 40, 25]
D. 每日 N 刷喜欢的节目 [90, 45, 50, 50, 50, 90, 75, 50]
E. 关注滑圈小道消息，顺便谴责某些冰协和ISU [70, 85, 30, 80, 60, 50, 20, 70]